5.21725 2.189
5.24749 2.757
5.27773 2.606
5.30797 3.4099999999999997
5.33821 3.513
5.36846 3.2529999999999997
5.3987 1.5899999999999999
5.42894 2.814
5.45918 2.244
5.48942 2.702
5.51967 3.4679999999999995
5.54991 3.2199999999999998
5.58015 3.512
5.61039 3.714
5.64063 3.4439999999999995
5.67088 3.68
5.70112 1.617
5.73136 2.883
5.7616 4.197
5.79184 3.979
5.82209 3.538
5.85233 3.705
5.88257 3.6859999999999995
5.91281 3.6599999999999997
5.94305 3.6479999999999997
5.9733 3.287
6.00354 3.93
6.03378 4.157
6.06402 2.549
6.09426 1.606
6.12451 3.243
6.15475 3.533
6.18499 3.6319999999999997
6.21523 3.061
6.24547 3.249
6.27572 3.5640000000000005
6.30596 3.6350000000000002
6.3362 3.649
6.36644 3.1449999999999996
6.39668 3.3859999999999997
6.42693 3.4469999999999996
6.45717 4.776
6.48741 5.3790000000000004
6.51765 3.9490000000000003
6.54789 3.7030000000000003
6.57814 3.575
6.60838 4.061999999999999
6.63862 5.316000000000001
6.66886 4.545000000000001
6.6991 4.438
6.72935 3.8749999999999996
6.75959 4.149
6.78983 3.6710000000000003
6.82007 4.228
6.85031 4.617999999999999
6.88056 5.095
6.9108 4.377
6.94104 5.627
6.97128 6.558
7.00152 8.425
7.03177 8.058
7.06201 4.644
7.09225 3.645
7.12249 5.463
7.15273 4.208
7.18298 4.702000000000001
7.21322 4.731
7.24346 3.843
7.2737 3.099
7.30394 4.037
7.33419 5.705
7.36443 4.8950000000000005
7.39467 4.267
7.42491 5.638
7.45515 7.821
7.4854 8.685
7.51564 8.182
7.54588 6.528
7.57612 5.016
7.6366 5.927
7.69709 6.3340000000000005
7.75757 5.199000000000001
7.81805 5.365
7.87854 5.186999999999999
7.93902 5.949999999999999
7.99951 6.101000000000001
8.05999 6.473
8.12047 7.079000000000001
8.18096 8.036999999999999
8.24144 7.77
8.30192 7.986
8.36241 8.623000000000001
8.42289 9.007000000000001
8.48337 9.361
8.54386 9.530999999999999
8.60434 11.173
8.66483 11.504999999999999
8.72531 12.992
8.78579 13.950000000000001
8.84628 14.64
8.90676 16.048
8.96724 17.409000000000002
9.02773 19.959999999999997
9.08821 19.996
9.14869 20.108
9.20918 22.029999999999998
9.26966 22.513
9.33015 24.037000000000003
9.39063 26.317
9.45111 27.889
9.5116 28.136
9.57208 29.113
9.63256 30.130999999999997
9.69305 30.074
9.75353 29.808
9.81401 30.28
9.8745 30.136
9.93498 32.0
9.99547 32.650999999999996
10.05595 31.264
10.11643 31.447999999999997
10.17692 32.441
10.2374 32.79
10.29788 32.900999999999996
10.35837 33.403
10.41885 33.414
10.47933 34.376
10.53982 34.244
10.6003 33.088
10.66079 32.175999999999995
10.72127 31.256
10.78175 31.667
10.84224 32.007999999999996
10.90272 31.566999999999997
10.9632 31.657000000000004
11.02369 30.899000000000004
11.08417 31.850000000000005
11.14465 29.753
11.20514 29.070999999999998
11.26562 28.032
11.32611 29.716
11.38659 29.274
11.44707 29.052000000000003
11.50756 28.433
11.56804 28.621000000000002
11.62852 27.948999999999998
11.68901 27.965
11.74949 27.252
11.80997 26.687
11.87046 25.866
11.93094 25.633
11.99143 26.394000000000002
12.05191 26.247000000000003
12.11239 25.861
12.17288 25.158
12.23336 24.774
12.29384 23.932
12.35433 25.439
12.41481 25.000999999999998
12.47529 23.561
12.53578 24.02
12.59626 24.258000000000003
12.65675 24.206
12.71723 25.241
12.77771 33.696999999999996
12.8382 40.331
12.89868 30.758
12.95916 22.669
13.01965 23.595
13.08013 24.151
13.14061 25.250999999999998
13.2011 23.687
13.26158 23.262
13.32206 25.263
13.38255 24.913
13.44303 24.155
13.50352 25.266000000000002
13.564 23.451
13.62448 24.064000000000004
13.68497 26.296
13.74545 29.356
13.80593 25.285999999999998
13.86642 27.608
13.9269 27.68
13.98738 29.401
14.04787 27.806
14.10835 28.117
14.16884 27.868999999999996
14.22932 29.089999999999996
14.32338 35.651
14.40806 35.162000000000006
14.49274 36.183
14.57741 37.571
14.66209 34.62
14.74677 36.315
14.83145 33.294
14.91612 36.588
15.0008 41.047999999999995
15.08548 35.96000000000001
15.17015 35.554
15.25483 39.75
15.33951 39.243
15.42418 38.581
15.50886 39.688
15.59354 43.796
15.67821 38.995000000000005
15.76289 41.95099999999999
15.84757 42.254
15.93224 45.752
16.01692 47.282
16.1016 40.007
16.18628 46.944
16.27095 49.937999999999995
16.35563 52.103
16.44031 50.621
16.52498 52.915000000000006
16.60966 51.582
16.69434 50.74099999999999
16.77901 54.98500000000001
16.86369 54.798
16.94837 58.53
17.03304 57.556
17.11772 55.022
17.2024 52.038000000000004
17.28707 55.191
17.37175 59.077999999999996
17.45643 21.656000000000002
17.54111 55.672
17.62578 64.043
17.71046 62.541
17.79514 64.298
17.87981 72.92599999999999
17.96449 74.03399999999999
18.04917 73.84199999999998
18.13384 66.97600000000001
18.21852 68.441
18.3032 69.612
18.38787 75.192
18.47255 74.16
18.55723 73.23299999999999
18.6419 61.128
18.72658 56.897
18.81126 66.463
18.89594 71.31
18.98061 72.044
19.06529 75.542
19.14997 81.659
19.23464 81.934
19.31932 78.19800000000001
19.404 80.176
19.48867 70.797
19.57335 83.115
19.65803 82.892
19.7427 80.267
19.82738 70.50099999999999
19.91206 79.75200000000001
19.99673 80.19800000000001
20.08141 72.02399999999999
20.16609 72.754
20.25077 74.50899999999999
20.33544 82.23
20.42012 81.62899999999999
20.5048 72.334
20.58947 77.48299999999999
20.75883 73.89000000000001
20.92818 77.914
21.09753 74.786
21.26689 70.38900000000001
21.43624 75.215
21.6056 75.209
21.77495 73.694
21.9443 68.229
22.11366 67.87400000000001
22.28301 68.449
22.45236 67.489
22.62172 62.515
22.79107 59.094
22.96043 60.865
23.12978 65.04
23.29913 50.08
23.46849 60.587999999999994
23.63784 59.763999999999996
23.80719 59.726000000000006
23.97655 61.059999999999995
24.1459 57.12799999999999
24.31526 58.401
24.48461 62.269999999999996
24.65396 54.882999999999996
24.82332 54.082
24.99267 45.71
25.16202 50.56
25.33138 49.527
25.50073 40.404
25.67009 65.744
25.83944 70.36399999999999
26.00879 67.952
26.17815 69.138
26.3475 57.576
26.51685 43.518
26.68621 44.408
26.85556 44.32
27.02492 41.38799999999999
27.19427 39.18000000000001
27.36362 40.165
27.53298 34.402
27.70233 38.381
27.87168 33.572
28.04104 32.495000000000005
28.21039 37.339000000000006
28.37975 34.79900000000001
28.5491 29.683
28.71845 28.866
28.88781 37.055
29.05716 28.178
29.22651 35.846999999999994
29.39587 29.605
29.56522 21.414999999999996
29.73458 31.431
29.90393 32.144
30.07328 22.746000000000002
30.24264 21.880000000000003
30.41199 22.873
30.58134 19.678
30.7507 24.043000000000003
30.92005 17.744999999999997
31.08941 24.042
31.25876 20.052
31.42811 6.831
31.59747 29.681999999999995
31.76682 18.965
31.93617 10.670000000000002
32.10553 15.460999999999999
32.27488 2.871000000000002
32.44424 -0.6809999999999976
32.61359 11.661000000000001
32.78294 9.581
32.9523 -0.2970000000000004
33.12165 -4.609999999999999
33.291 -8.958999999999994
33.46036 -47.736000000000004
33.62971 -41.772
33.79907 -2.252999999999998
33.96842 -9.148999999999997
34.13777 -8.973000000000003
34.30713 -0.06900000000000309
34.47648 -4.3190000000000035
34.64583 14.447000000000001
34.81519 20.439
34.98454 22.279
35.1539 26.406
35.32325 -7.477000000000001
35.4926 -2.704999999999999
35.66196 -14.488000000000001
35.83131 -19.632000000000005
36.00066 -33.544000000000004
36.17002 9.746999999999998
36.33937 28.339
36.50873 12.905
36.67808 18.952
36.84743 -14.798
37.01679 -7.282
37.18614 0.9339999999999999
37.35549 -114.182
37.52485 31.747999999999998
37.6942 13.616
37.86356 101.38
