     0.700000    0.0369791
     0.702250    0.0597064
     0.704500     0.128803
     0.706750     0.172268
     0.709000     0.153850
     0.711250     0.114799
     0.713500     0.120191
     0.715750     0.142146
     0.718000     0.160248
     0.720250     0.181120
     0.722500     0.168668
     0.724750     0.171031
     0.727000     0.178725
     0.729250     0.192481
     0.731500     0.190917
     0.733750     0.160136
     0.736000     0.130946
     0.738250     0.128224
     0.740500     0.108987
     0.742750     0.101174
     0.745000     0.138346
     0.747250     0.178226
     0.749500     0.181392
     0.751750     0.168174
     0.754000     0.172860
     0.756250     0.224456
     0.758500     0.254927
     0.760750     0.216438
     0.763000     0.163726
     0.765250     0.157371
     0.767500     0.171521
     0.769750     0.219709
     0.772000     0.233344
     0.774250     0.186336
     0.776500     0.174969
     0.778750     0.216994
     0.781000     0.236218
     0.783250     0.246353
     0.785500     0.250270
     0.787750     0.221533
     0.790000     0.267230
     0.792250     0.300499
     0.794500     0.275526
     0.796750     0.233086
     0.799000     0.220931
     0.801250     0.249135
     0.803500     0.268810
     0.805750     0.264474
     0.808000     0.252598
     0.810250     0.257528
     0.812500     0.265694
     0.814750     0.249921
     0.817000     0.220937
     0.819250     0.219146
     0.821500     0.243763
     0.823750     0.264628
     0.826000     0.272288
     0.828250     0.271242
     0.830500     0.269659
     0.832750     0.269887
     0.835000     0.258703
     0.837250     0.262531
     0.839500     0.296389
     0.841750     0.320164
     0.844000     0.323629
     0.846250     0.320687
     0.848500     0.324957
     0.850750     0.350800
     0.853000     0.373202
     0.855250     0.359365
     0.857500     0.337241
     0.859750     0.357365
     0.862000     0.351243
     0.864250     0.330842
     0.866500     0.333848
     0.868750     0.341669
     0.871000     0.356744
     0.873250     0.345350
     0.875500     0.324552
     0.877750     0.346412
     0.880000     0.366276
     0.882250     0.367259
     0.884500     0.365524
     0.886750     0.362540
     0.889000     0.378974
     0.891250     0.417132
     0.893500     0.456112
     0.895750     0.475692
     0.898000     0.460972
     0.900250     0.445322
     0.902500     0.440794
     0.904750     0.414191
     0.907000     0.402853
     0.909250     0.410958
     0.911500     0.408651
     0.913750     0.407556
     0.916000     0.435729
     0.918250     0.469745
     0.920500     0.461575
     0.922750     0.430013
     0.925000     0.405771
     0.927250     0.394239
     0.929500     0.373245
     0.931750     0.361667
     0.934000     0.360047
     0.936250     0.359504
     0.938500     0.372629
     0.940750     0.376750
     0.943000     0.361645
     0.945250     0.353372
     0.947500     0.353295
     0.949750     0.349249
     0.952000     0.348507
     0.954250     0.377606
     0.956500     0.381138
     0.958750     0.361978
     0.961000     0.369332
     0.963250     0.364275
     0.965500     0.356450
     0.967750     0.358701
     0.970000     0.354525
     0.972250     0.361943
     0.974500     0.380216
     0.976750     0.396688
     0.979000     0.398835
     0.981250     0.410304
     0.983500     0.432256
     0.985750     0.422248
     0.988000     0.416974
     0.990250     0.406996
     0.992500     0.367610
     0.994750     0.346378
     0.997000     0.358247
     0.999250     0.389944
      1.00150     0.407240
      1.00375     0.391357
      1.00600     0.369310
      1.00825     0.385195
      1.01050     0.407324
      1.01275     0.409415
      1.01500     0.406988
      1.01725     0.430510
      1.01950     0.447335
      1.02175     0.439858
      1.02400     0.453289
      1.02625     0.449939
      1.02850     0.432619
      1.03075     0.445332
      1.03300     0.485439
      1.03525     0.525049
      1.03750     0.534686
      1.03975     0.516676
      1.04200     0.496022
      1.04425     0.480224
      1.04650     0.467629
      1.04875     0.467041
      1.05100     0.468721
      1.05325     0.468971
      1.05550     0.497520
      1.05775     0.556432
      1.06000     0.607429
      1.06225     0.618680
      1.06450     0.578436
      1.06675     0.532887
      1.06900     0.554386
      1.07125     0.592148
      1.07350     0.600125
      1.07575     0.574561
      1.07800     0.558110
      1.08025     0.565471
      1.08250     0.579358
      1.08475     0.580896
      1.08700     0.586671
      1.08925     0.614916
      1.09150     0.656586
      1.09375     0.669563
      1.09600     0.652930
      1.09825     0.646089
      1.10050     0.608977
      1.10275     0.591012
      1.10500     0.647796
      1.10725     0.684815
      1.10950     0.693498
      1.11175     0.701254
      1.11400     0.698317
      1.11625     0.714336
      1.11850     0.725168
      1.12075     0.697738
      1.12300     0.673368
      1.12525     0.686952
      1.12750     0.709416
      1.12975     0.718552
      1.13200     0.705756
      1.13425     0.694861
      1.13650     0.733089
      1.13875     0.760735
      1.14100     0.752018
      1.14325     0.730937
      1.14550     0.728253
      1.14775     0.734052
      1.15000     0.724930
      1.15225     0.703200
      1.15450     0.692791
      1.15675     0.695438
      1.15900     0.678493
      1.16125     0.660511
      1.16350     0.676605
      1.16575     0.717371
      1.16800     0.708056
      1.17025     0.662025
      1.17250     0.659803
      1.17475     0.678942
      1.17700     0.680353
      1.17925     0.656732
      1.18150     0.633322
      1.18375     0.613280
      1.18600     0.584065
      1.18825     0.542418
      1.19050     0.508825
      1.19275     0.495075
      1.19500     0.480592
      1.19725     0.467764
      1.19950     0.458798
      1.20175     0.448303
      1.20400     0.441377
      1.20625     0.422840
      1.20850     0.397576
      1.21075     0.385560
      1.21300     0.394318
      1.21525     0.405740
      1.21750     0.409774
      1.21975     0.414945
      1.22200     0.406937
      1.22425     0.371945
      1.22650     0.357633
      1.22875     0.368547
      1.23100     0.381687
      1.23325     0.389181
      1.23550     0.379610
      1.23775     0.357513
      1.24000     0.346270
      1.24225     0.353209
      1.24450     0.386198
      1.24675     0.454809
      1.24900     0.490521
      1.25125     0.479575
      1.25350     0.442446
      1.25575     0.373044
      1.25800     0.321601
      1.26025     0.354130
      1.26250     0.445691
      1.26475     0.428536
      1.26700     0.344294
      1.26925     0.374764
      1.27150     0.372674
      1.27375     0.344143
      1.27600     0.390014
      1.27825     0.409852
      1.28050     0.400847
      1.28275     0.389707
      1.28500     0.371446
      1.28725     0.359131
      1.28950     0.362890
      1.29175     0.381303
      1.29400     0.370509
      1.29625     0.368264
      1.29850     0.412154
      1.30075     0.420496
      1.30300     0.384662
      1.30525     0.355927
      1.30750     0.383251
      1.30975     0.420375
      1.31200     0.415692
      1.31425     0.382640
      1.31650     0.378018
      1.31875     0.375967
      1.32100     0.361552
      1.32325     0.383794
      1.32550     0.410517
      1.32775     0.429045
      1.33000     0.452189
      1.33225     0.450832
      1.33450     0.442457
      1.33675     0.449177
      1.33900     0.445329
      1.34125     0.441263
      1.34350     0.440337
      1.34575     0.431563
      1.34800     0.444823
      1.35025     0.459018
      1.35250     0.449604
      1.35475     0.437408
      1.35700     0.484445
      1.35925     0.528295
      1.36150     0.474046
      1.36375     0.424753
      1.36600     0.445200
      1.36825     0.501363
      1.37050     0.513991
      1.37275     0.524831
      1.37500     0.553254
      1.37725     0.563245
      1.37950     0.550135
      1.38175     0.528614
      1.38400     0.519813
      1.38625     0.521171
      1.38850     0.536922
      1.39075     0.559918
      1.39300     0.571356
      1.39525     0.565903
      1.39750     0.564138
      1.39975     0.592835
      1.40200     0.634162
      1.40425     0.617756
      1.40650     0.586399
      1.40875     0.604302
      1.41100     0.614557
      1.41325     0.650147
      1.41550     0.665756
      1.41775     0.631981
      1.42000     0.646553
      1.42225     0.691891
      1.42450     0.694444
      1.42675     0.663622
      1.42900     0.662239
      1.43125     0.689202
      1.43350     0.704524
      1.43575     0.724384
      1.43800     0.715376
      1.44025     0.692677
      1.44250     0.697091
      1.44475     0.732917
      1.44700     0.742184
      1.44925     0.738826
      1.45150     0.770555
      1.45375     0.766943
      1.45600     0.770476
      1.45825     0.800031
      1.46050     0.799869
      1.46275     0.805274
      1.46500     0.806116
      1.46725     0.794576
      1.46950     0.788383
      1.47175     0.776347
      1.47400     0.796044
      1.47625     0.853699
      1.47850     0.859410
      1.48075     0.830576
      1.48300     0.802325
      1.48525     0.786148
      1.48750     0.792664
      1.48975     0.805936
      1.49200     0.840085
      1.49425     0.891322
      1.49650     0.886147
      1.49875     0.843085
      1.50100     0.827588
      1.50325     0.866332
      1.50550     0.878648
      1.50775     0.877569
      1.51000     0.882036
      1.51225     0.888946
      1.51450     0.908190
      1.51675     0.916073
      1.51900     0.914278
      1.52125     0.920294
      1.52350     0.927772
      1.52575     0.907588
      1.52800     0.895959
      1.53025     0.935993
      1.53250     0.973650
      1.53475     0.985418
      1.53700     0.961609
      1.53925     0.933341
      1.54150     0.962032
      1.54375     0.967301
      1.54600     0.947618
      1.54825     0.946415
      1.55050     0.977010
      1.55275     0.993158
      1.55500     0.992870
      1.55725     0.978194
      1.55950     0.960803
      1.56175     0.978849
      1.56400     0.965731
      1.56625     0.940915
      1.56850     0.969747
      1.57075     0.999309
      1.57300     0.981430
      1.57525     0.956402
      1.57750     0.965231
      1.57975     0.978508
      1.58200      1.00563
      1.58425      1.03476
      1.58650      1.04159
      1.58875      1.02809
      1.59100      1.00861
      1.59325      1.00512
      1.59550      1.00644
      1.59775      1.00078
      1.60000     0.974985
      1.60225     0.962321
      1.60450     0.980236
      1.60675      1.01138
      1.60900      1.01384
      1.61125     0.997003
      1.61350     0.971377
      1.61575     0.963443
      1.61800     0.973113
      1.62025     0.952317
      1.62250     0.931829
      1.62475     0.914238
      1.62700     0.897923
      1.62925     0.888503
      1.63150     0.880726
      1.63375     0.892931
      1.63600     0.903734
      1.63825     0.890484
      1.64050     0.871157
      1.64275     0.846192
      1.64500     0.839208
      1.64725     0.846160
      1.64950     0.853068
      1.65175     0.860697
      1.65400     0.842680
      1.65625     0.835534
      1.65850     0.830483
      1.66075     0.804344
      1.66300     0.804549
      1.66525     0.818801
      1.66750     0.819854
      1.66975     0.781110
      1.67200     0.748725
      1.67425     0.767371
      1.67650     0.749252
      1.67875     0.736222
      1.68100     0.740874
      1.68325     0.725001
      1.68550     0.712418
      1.68775     0.712097
      1.69000     0.715082
      1.69225     0.719694
      1.69450     0.721171
      1.69675     0.705458
      1.69900     0.685477
      1.70125     0.669217
      1.70350     0.663882
      1.70575     0.675519
      1.70800     0.695084
      1.71025     0.712720
      1.71250     0.699864
      1.71475     0.662882
      1.71700     0.633536
      1.71925     0.627318
      1.72150     0.628884
      1.72375     0.651388
      1.72600     0.672922
      1.72825     0.672844
      1.73050     0.681909
      1.73275     0.705366
      1.73500     0.690306
      1.73725     0.651297
      1.73950     0.649343
      1.74175     0.690778
      1.74400     0.710828
      1.74625     0.676381
      1.74850     0.675594
      1.75075     0.686346
      1.75300     0.696480
      1.75525     0.688667
      1.75750     0.648714
      1.75975     0.622141
      1.76200     0.646221
      1.76425     0.648865
      1.76650     0.584115
      1.76875     0.535715
      1.77100     0.573072
      1.77325     0.582405
      1.77550     0.553913
      1.77775     0.535467
      1.78000     0.523613
      1.78225     0.518306
      1.78450     0.569930
      1.78675     0.609258
      1.78900     0.555586
      1.79125     0.489864
      1.79350     0.536645
      1.79575     0.591632
      1.79800     0.552658
      1.80025     0.534649
      1.80250     0.538490
      1.80475     0.571002
      1.80700     0.614566
      1.80925     0.642838
      1.81150     0.640907
      1.81375     0.603905
      1.81600     0.607167
      1.81825     0.665946
      1.82050     0.673145
      1.82275     0.639859
      1.82500     0.646665
      1.82725     0.665574
      1.82950     0.647735
      1.83175     0.606844
      1.83400     0.586965
      1.83625     0.604766
      1.83850     0.655222
      1.84075     0.676699
      1.84300     0.640293
      1.84525     0.633443
      1.84750     0.643253
      1.84975     0.688369
      1.85200     0.709771
      1.85425     0.680188
      1.85650     0.677962
      1.85875     0.700126
      1.86100     0.669304
      1.86325     0.624332
      1.86550     0.622791
      1.86775     0.661044
      1.87000     0.676031
      1.87225     0.635724
      1.87450     0.610420
      1.87675     0.613410
      1.87900     0.632249
      1.88125     0.663650
      1.88350     0.662816
      1.88575     0.616484
      1.88800     0.584944
      1.89025     0.595569
      1.89250     0.618741
      1.89475     0.649660
      1.89700     0.627093
      1.89925     0.622055
      1.90150     0.626998
      1.90375     0.612857
      1.90600     0.627052
      1.90825     0.668921
      1.91050     0.639139
      1.91275     0.615379
      1.91500     0.622065
      1.91725     0.631386
      1.91950     0.642053
      1.92175     0.637369
      1.92400     0.634719
      1.92625     0.656287
      1.92850     0.651915
      1.93075     0.649624
      1.93300     0.641553
      1.93525     0.622223
      1.93750     0.673807
      1.93975     0.722226
      1.94200     0.705287
      1.94425     0.675262
      1.94650     0.641603
      1.94875     0.611235
      1.95100     0.590630
      1.95325     0.637204
      1.95550     0.678307
      1.95775     0.668054
      1.96000     0.680399
      1.96225     0.690281
      1.96450     0.675726
      1.96675     0.704566
      1.96900     0.728117
      1.97125     0.724961
      1.97350     0.718968
      1.97575     0.705876
      1.97800     0.711470
      1.98025     0.732354
      1.98250     0.736873
      1.98475     0.748843
      1.98700     0.774890
      1.98925     0.761958
      1.99150     0.745864
      1.99375     0.729500
      1.99600     0.746727
      1.99825     0.765175
      2.00050     0.755534
      2.00275     0.732934
      2.00500     0.736250
      2.00725     0.747466
      2.00950     0.755798
      2.01175     0.780458
      2.01400     0.779319
      2.01625     0.766531
      2.01850     0.774881
      2.02075     0.776025
      2.02300     0.767760
      2.02525     0.789564
      2.02750     0.813687
      2.02975     0.821272
      2.03200     0.826738
      2.03425     0.827138
      2.03650     0.825539
      2.03875     0.837646
      2.04100     0.848507
      2.04325     0.845091
      2.04550     0.830352
      2.04775     0.824576
      2.05000     0.837275
      2.05225     0.864964
      2.05450     0.881922
      2.05675     0.871302
      2.05900     0.866570
      2.06125     0.878746
      2.06350     0.873706
      2.06575     0.862358
      2.06800     0.859622
      2.07025     0.860953
      2.07250     0.858843
      2.07475     0.830534
      2.07700     0.863417
      2.07925     0.881354
      2.08150     0.873782
      2.08375     0.886594
      2.08600     0.900946
      2.08825     0.899453
      2.09050     0.891432
      2.09275     0.893315
      2.09500     0.920403
      2.09725     0.923757
      2.09950     0.904033
      2.10175     0.922984
      2.10400     0.918699
      2.10625     0.915212
      2.10850     0.938514
      2.11075     0.940900
      2.11300     0.896837
      2.11525     0.908728
      2.11750     0.917718
      2.11975     0.924244
      2.12200     0.940205
      2.12425     0.927592
      2.12650     0.918572
      2.12875     0.923726
      2.13100     0.916819
      2.13325     0.915640
      2.13550     0.925391
      2.13775     0.929981
      2.14000     0.912341
      2.14225     0.893012
      2.14450     0.907389
      2.14675     0.908367
      2.14900     0.933693
      2.15125     0.904470
      2.15350     0.922035
      2.15575     0.958932
      2.15800     0.946957
      2.16025     0.906568
      2.16250     0.913275
      2.16475     0.910338
      2.16700     0.895889
      2.16925     0.909869
      2.17150     0.932015
      2.17375     0.914351
      2.17600     0.898737
      2.17825     0.882827
      2.18050     0.882927
      2.18275     0.903832
      2.18500     0.907482
      2.18725     0.901850
      2.18950     0.907336
      2.19175     0.890413
      2.19400     0.878067
      2.19625     0.889738
      2.19850     0.893806
      2.20075     0.891070
      2.20300     0.893436
      2.20525     0.914285
      2.20750     0.910560
      2.20975     0.892875
      2.21200     0.891035
      2.21425     0.877048
      2.21650     0.870569
      2.21875     0.884316
      2.22100     0.892630
      2.22325     0.887049
      2.22550     0.881541
      2.22775     0.889423
      2.23000     0.891017
      2.23225     0.894636
      2.23450     0.894234
      2.23675     0.889143
      2.23900     0.866637
      2.24125     0.873861
      2.24350     0.858511
      2.24575     0.847526
      2.24800     0.854663
      2.25025     0.853217
      2.25250     0.843442
      2.25475     0.847102
      2.25700     0.846468
      2.25925     0.840835
      2.26150     0.842791
      2.26375     0.843060
      2.26600     0.839291
      2.26825     0.817539
      2.27050     0.795980
      2.27275     0.764753
      2.27500     0.759177
      2.27725     0.766164
      2.27950     0.784368
      2.28175     0.774683
      2.28400     0.756009
      2.28625     0.746305
      2.28850     0.750873
      2.29075     0.755100
      2.29300     0.751108
      2.29525     0.746114
      2.29750     0.764230
      2.29975     0.756730
      2.30200     0.712695
      2.30425     0.707637
      2.30650     0.728511
      2.30875     0.719046
      2.31100     0.705510
      2.31325     0.709128
      2.31550     0.722772
      2.31775     0.725346
      2.32000     0.748770
      2.32225     0.747078
      2.32450     0.728417
      2.32675     0.714095
      2.32900     0.732366
      2.33125     0.763999
      2.33350     0.779430
      2.33575     0.771277
      2.33800     0.747822
      2.34025     0.717655
      2.34250     0.687420
      2.34475     0.665669
      2.34700     0.690913
      2.34925     0.733785
      2.35150     0.743191
      2.35375     0.720702
      2.35600     0.740644
      2.35825     0.703093
      2.36050     0.684584
      2.36275     0.687078
      2.36500     0.729482
      2.36725     0.703021
      2.36950     0.709289
      2.37175     0.712621
      2.37400     0.694785
      2.37625     0.685287
      2.37850     0.705580
      2.38075     0.723726
      2.38300     0.725156
      2.38525     0.725795
      2.38750     0.721379
      2.38975     0.711958
      2.39200     0.703124
      2.39425     0.684900
      2.39650     0.679422
      2.39875     0.704399
      2.40100     0.717634
      2.40325     0.693209
      2.40550     0.647101
      2.40775     0.641017
      2.41000     0.666620
      2.41225     0.641114
      2.41450     0.652151
      2.41675     0.668638
      2.41900     0.626926
      2.42125     0.640559
      2.42350     0.657328
      2.42575     0.675032
      2.42800     0.702505
      2.43025     0.655029
      2.43250     0.616963
      2.43475     0.660521
      2.43700     0.674979
      2.43925     0.643416
      2.44150     0.600674
      2.44375     0.601055
      2.44600     0.634203
      2.44825     0.589114
      2.45050     0.592467
      2.45275     0.618373
      2.45500     0.621951
      2.45725     0.658258
      2.45950     0.668874
      2.46175     0.644117
      2.46400     0.632307
      2.46625     0.595963
      2.46850     0.609972
      2.47075     0.638199
      2.47300     0.648457
      2.47525     0.610720
      2.47750     0.561768
      2.47975     0.640578
      2.48200     0.611521
      2.48425     0.567952
      2.48650     0.544913
      2.48875     0.543693
      2.49100     0.580502
      2.49325     0.571613
      2.49550     0.598952
      2.49775     0.540095
